function [af, sf] = get_db2

af = zeros(4, 4);
af(:,1) = [-0.12940952255092145, 0.22414386804185735, 0.836516303737469, 0.48296291314469025];
af(:,2) = [-0.48296291314469025, 0.836516303737469, -0.22414386804185735, -0.12940952255092145];
sf = zeros(4, 4);
sf(:,1) = [0.48296291314469025, 0.836516303737469, 0.22414386804185735, -0.12940952255092145];
sf(:,2) = [-0.12940952255092145, -0.22414386804185735, 0.836516303737469, -0.48296291314469025];
